0 22
0 222
0 307
0 539
0 749
0 765
0 775
0 887
0 946
1 130
1 732
1 840
2 16
2 381
2 447
2 464
2 476
2 622
2 638
2 691
2 795
2 917
3 729
3 806
4 69
4 123
4 726
4 793
5 52
5 214
5 548
5 603
5 644
5 666
5 773
5 906
6 7
6 34
6 48
6 208
6 371
6 851
7 6
7 686
8 920
9 345
9 449
9 536
9 658
9 722
9 755
9 758
10 223
10 248
10 468
10 718
10 807
11 323
11 705
11 926
11 965
12 33
12 63
12 192
12 545
15 137
15 356
15 526
15 758
15 774
16 2
16 75
16 172
16 303
16 465
16 691
16 729
16 842
16 938
16 981
17 63
17 265
17 308
17 427
17 445
17 557
17 676
17 708
17 908
18 289
19 595
21 228
21 812
22 0
22 334
24 628
24 913
25 292
25 513
25 525
25 626
28 103
28 411
28 603
30 316
30 883
30 890
30 892
31 182
31 340
31 585
32 640
32 765
33 12
33 343
33 835
34 6
34 139
34 350
34 355
34 474
34 505
34 525
34 540
34 594
34 848
36 452
36 507
36 631
36 901
37 63
37 356
37 362
37 428
37 581
38 886
39 75
39 197
39 385
39 583
41 133
41 498
41 565
41 631
41 846
41 871
41 950
43 414
43 888
43 978
45 137
45 297
45 456
45 488
45 526
45 614
45 878
45 997
46 250
46 266
46 546
46 648
46 658
46 722
46 755
46 758
46 849
46 973
47 284
47 366
47 487
47 510
47 747
48 6
48 116
48 174
48 454
51 444
51 530
52 5
52 84
52 170
52 266
52 678
52 687
52 762
52 801
52 851
52 885
52 959
53 215
53 368
53 371
53 691
53 742
53 850
53 998
54 94
54 156
54 265
54 456
54 541
55 893
57 147
57 360
57 418
57 494
57 687
57 842
57 851
57 885
57 928
57 992
58 465
59 279
59 687
60 77
60 104
60 179
60 187
60 305
60 401
60 463
60 747
60 917
60 959
61 586
63 12
63 17
63 37
63 94
63 529
63 814
64 150
64 222
64 355
65 74
65 268
65 414
65 434
65 474
65 593
65 630
65 704
65 813
65 887
67 79
67 497
67 504
67 807
68 266
68 753
69 4
69 123
69 276
69 726
72 118
72 687
72 801
72 972
73 99
73 131
73 154
73 255
73 286
73 324
73 330
73 405
73 493
73 591
73 776
73 786
73 804
73 969
74 65
74 133
74 235
74 250
74 411
74 418
74 434
74 558
74 571
74 603
74 644
74 687
74 758
74 767
74 820
75 16
75 39
75 197
75 295
75 360
75 371
75 497
75 565
75 802
75 835
75 840
75 890
75 939
76 135
76 311
77 60
77 281
77 305
77 396
77 497
77 823
77 959
77 964
78 129
78 671
78 699
79 67
79 248
79 497
79 807
80 296
82 145
83 131
83 154
83 325
84 52
84 196
84 353
84 462
84 508
86 530
86 729
86 762
86 851
87 735
89 733
89 940
91 107
91 195
91 230
91 508
91 546
91 555
91 647
91 834
91 842
91 876
91 978
91 988
92 103
92 677
92 866
93 760
94 54
94 63
94 623
94 671
94 889
95 359
95 598
96 221
96 294
96 753
97 213
97 806
98 177
98 190
99 73
99 154
99 330
99 591
100 210
100 438
100 535
100 603
100 767
100 922